7276
378938
3240
4502
4513
6288
4501
1401
335
4495
345
6289
283131
23089
7114
7448
5004
5265
6690
2938
183
6364
350
486
348
6696
8364
4493
197
2266
3106
4536
3627
9636
3078
1672
4496
3576
1509
2244
26471
6659
3105
1191
5320
1373
9168
6590
1576
4508
9768
2243
718
4535
3075
325
79853
6347
4519
6134
6129
6233
6898
6170
761
1490
6906
9235
27063
9232
7295
6291
4537
3187
3151
1066
6164
6277
171546
7018
9601
3080
3303
1116
2919
388
3827
481
805
3925
6648
595
1316
6372
7363
2168
13
27329
10993
4257
462
84419
3309
10923
2939
1499
4071
3638
1063
3725
7184
7103
6999
5500
1999
6500
1646
7057
1512
929
57016
7153
5005
3304
338
2335
4077
1551
3263
5105
3157
23480
7803
1843
629
3956
3015
10158
55277
3273
6303
8630
2052
4837
2353
6281
3484
2921
2719
2638
1
563
105376843
3727
2147
3934
590
811
2628
11221
302
4540
57142
189
6144
6873
4499
105375666
9592
3006
10637
6189
23753
7104
10959
51203
339745
81552
54206
4069
9477
2923
1645
6772
3643
3929
3162
1147
267
5685
10747
2354
6514
6662
10487
130355
54602
6783
229
151531
3250
332
9741
5683
1033
23179
2920
1577
55133
1808
2040
118471
2752
8424
8824
5176
1581
51053
727
3838
51192
11065
81671
5634
94241
6558
8878
5591
54556
6694
7035
1958
79665
10769
9666
292
2180
57018
51371
7360
10194
5111
5166
2330
5481
81493
51065
138199
84641
8323
80201
23204
10537
3122
90624
7763
84458
7532
283
330
1266
9589
26291
392636
25994
64332
205327
253260
286499
27097
9643
55746
3688
4258
344
55137
4194
51631
54908
114134
166968
80006
8836
55740
51118
5534
7364
160418
4214
3091
10878
23200
3920
9732
23658
3685
928
221981
55234
51232
80021
23421
58505
467
23161
1871
23643
54112
10484
1848
5584
7412
4541
25898
7128
9782
8073
1982
6386
29969
221079
57082
27020
64083
2267
7366
51187
10097
3646
79366
2551
51454
10129
165918
2537
5885
55089
6418
2
55892
64400
4170
80232
8450
51569
375035
3699
6431
79817
1030
677
134266
2733
54534
382
91612
7764
3070
9767
9972
147339
3703
2820
6016
5205
3383
1195
23528
23471
55719
51290
3280
143686
10221
122830
6102
6319
57534
4189
6856
22878
2119
51528
22889
80008
4869
23036
6713
127933
80012
9412
85476
5684
152518
51241
55252
88455
6872
64746
1829
1361
3839
2182
56882
7514
1974
123
91404
9709
5093
55076
55173
10657
3491
387882
10599
5203
51186
1000
3953
4012
167153
199870
7374
121536
11335
27232
54700
55788
5359
6045
29968
5728
6868
84944
221035
5356
23049
7341
81688
10216
79594
150465
10124
57665
817
6574
10746
5440
404636
59274
84678
101928858
83982
6307
4688
3294
25942
25937
79882
157567
79718
29978
10946
4008
4190
55207
998
137492
84962
9852
23122
7705
54934
5318
216
10146
114799
25934
11235
79023
55761
84919
1565
3146
10672
51567
81563
6745
5074
51375
55536
23788
64778
54502
9276
3398
4848
7419
999
3556
83732
948
9202
71
3068
5151
5290
7305
150275
54453
2207
51068
4709
23094
9802
9859
7884
340542
51012
81627
123811
23522
6741
29097
151613
57129
8473
5194
22890
7091
79739
3930
1603
130814
6478
55364
5629
378
2739
7358
79869
5357
283464
401548
10565
10971
116843
51088
10627
131076
56255
3301
196441
1736
3554
5520
4048
7342
54778
164
10762
10092
10130
64423
51692
51495
55147
8451
51133
23596
4905
54407
8554
8611
6119
5516
64282
4801
11236
57678
9689
10658
143684
81542
9147
221937
64769
10527
51780
667
10009
114803
7534
359948
1655
55000
1399
5928
3148
11103
26234
79646
27300
84280
6782
716
51592
29948
80351
51361
10135
8500
93664
4763
8669
27333
57556
813
5711
4124
90843
6446
10590
29035
401397
7465
23244
55161
2620
103910
6477
2731
2005
10943
4494
23198
22868
57459
51421
116842
9798
10376
55908
2926
2263
30061
3169
6729
57415
7531
55110
54542
80315
10189
84650
8850
51126
9789
28977
83939
5208
1738
27430
114823
10269
51776
51622
51699
8887
8833
22800
140609
51643
3066
65056
11073
5887
7319
1525
80829
9444
3988
5530
55366
283742
83539
55603
11059
51132
57393
80790
1456
5358
8139
22908
7083
5342
8520
7003
65062
9819
51444
4179
23670
102
55832
4891
10020
9926
83930
55680
7155
54832
5717
2746
2115
10521
60481
3437
55770
205717
5562
205428
23394
9969
22944
100381270
9031
9097
5565
149041
8545
113402
51111
7110
7048
153339
54812
55188
648
1290
10140
51060
28998
3459
7050
60560
86
116844
5270
6821
51360
3460
7337
7716
51170
124540
64398
57462
55705
1508
51141
50807
7365
84343
961
830
8621
55291
81611
9282
4289
153020
84061
253943
29071
55669
125061
1836
51397
8653
694
10198
829
80830
51473
5564
118788
57403
26354
54469
23211
10250
2770
4430
10625
1654
64801
5931
375743
5997
10560
80196
29979
10724
4090
10159
8533
6744
8678
79674
9069
23230
84186
8065
55858
84064
56990
10370
4686
55233
3184
54165
10434
4172
1983
9500
55153
3419
115106
56180
9125
54741
10671
56987
55681
10054
100505641
64786
526
10294
79719
26273
10282
57654
84002
83729
58480
4774
10200
92126
55783
7533
5902
148867
8660
57695
3108
7844
57690
57179
221078
84629
64087
989
51727
29068
4739
54675
144348
11163
55837
84191
64848
55156
10526
6594
3191
112574
1994
114569
163486
3915
118987
9063
84612
51668
3597
81539
2673
2107
91408
2098
1998
5167
1356
23002
5912
159
64754
7874
348235
3313
120
11168
30001
10787
687
8301
139231
220988
23420
23530
11340
26190
11157
57561
5573
258010
57148
5789
4338
11001
102157402
79710
27309
4610
116461
753
80114
29887
23613
51319
11320
114932
7321
25932
64062
83941
9562
10006
54873
10114
26053
92255
9480
6197
64844
3188
55312
10390
10877
54503
310
254048
10213
5230
79776
79956
153642
788
5747
10237
8649
7326
6596
23080
10802
9877
7071
8510
5352
7112
5599
722
4129
10197
200576
54918
2117
387
25963
2744
892
6619
8932
80205
55749
5627
3845
523
5876
11051
55031
3426
1837
6879
441024
91369
8773
10472
3726
6654
57544
159371
100506658
8915
6314
117177
94101
1798
51496
6651
26136
51193
81846
908
25926
3664
285331
57003
169200
5527
10228
64417
374986
7168
4670
3667
55266
221443
80896
6421
54467
1558
1200
8939
64770
26520
64924
285172
5209
3998
10955
840
1756
4664
84301
515
5411
5911
865
10920
6742
6845
55157
25945
26993
2908
79982
54464
51008
283349
57551
64764
27258
9521
22919
4616
158586
64207
25998
23022
351
3416
55824
7873
9360
114908
57231
678
1213
6428
23011
10096
56994
54566
56829
57215
26118
25820
55347
4893
2289
6251
23258
3475
5861
157638
25879
132864
53938
3842
10640
55759
8491
7336
256987
4236
5062
29966
2861
261729
158747
22822
10838
201595
223082
4084
54928
83940
23341
5682
5955
8672
9375
80745
10499
51028
6249
28978
25793
117178
5908
10190
27238
79647
84295
1810
125
904
26137
3612
55870
27154
7076
10927
1519
7325
1665
84925
64216
27249
79624
22934
6692
51009
26046
11196
60313
83937
83448
36
115209
25814
1389
9175
51571
2729
10276
26065
23150
5274
146456
23478
1386
79699
2683
488
56674
360023
5170
51574
64757
8539
10432
9039
7743
528
54536
1964
79589
7576
10079
55791
8453
65125
6100
23678
6670
54822
9971
389336
331
57600
5879
25909
9532
4673
5796
5869
84365
1390
9184
9236
56889
93624
7538
8289
64343
57478
11067
23360
285636
11130
4734
7259
2887
55037
10181
51611
4247
3344
7975
1050
201626
9324
3034
8445
1362
9867
7422
10328
112597
7026
23301
100130742
23429
54069
51247
10480
466
57542
51014
4850
2967
286343
55066
257415
55839
9518
23014
8799
26512
6009
79611
2150
10651
64747
26091
5966
10236
100131827
8723
253782
23272
8697
10438
6894
6934
4026
6990
118460
10468
65265
770
9611
253430
473
2776
9931
90634
22931
5053
10026
29108
3658
5594
10363
10313
29883
55737
2531
55623
10440
55884
25853
253461
2519
9475
8774
81847
5716
3185
51542
10116
4698
85025
23603
65991
9101
47
83440
6599
5825
79832
284443
51015
10154
3669
58528
119710
51095
23446
10771
10325
54014
26272
55731
1164
51474
64116
6789
10015
10951
113251
22936
5082
54841
57187
246175
23362
9218
80854
7204
23317
6829
9448
55254
5868
1429
51520
493856
157769
55183
5547
55717
6240
23460
8204
25977
51755
23239
286144
9061
8925
23705
5707
121665
24138
2595
152137
1109
56910
54901
137695
5000
57134
26578
55172
55284
9320
23189
344838
757
23176
2060
7247
9650
619279
79649
1121
735301
144363
8777
10443
166647
10885
6385
130
23112
2332
23469
5532
10128
8452
163732
79660
54885
6857
121260
5810
8763
3916
57486
55151
160760
55614
673
57380
27032
2764
729013
91947
79670
23236
50808
55743
1315
23175
54537
55852
4792
79768
51003
84162
6047
57700
334
54878
7745
27346
23369
84248
6938
27336
8829
80145
9698
5525
1781
10891
23327
3855
23531
5877
55119
65124
23389
51096
7320
1410
9656
54454
22837
8036
6844
6434
5737
51129
8417
84159
60592
29896
9991
147179
10087
153129
83594
64427
23585
5288
5814
80063
1363
11231
4811
219
167227
6302
5412
9975
7296
54477
26064
81562
56648
81579
23243
2935
8648
55450
23512
91298
5501
114294
1026
2934
57224
11177
91137
84928
178
7045
10513
23091
6646
6239
54664
89781
7570
1977
57619
9559
4780
196294
55758
857
8569
64065
115426
9948
126969
2773
5238
9406
23043
9694
25801
51251
133746
10314
427
8505
63895
10613
4690
4301
149603
5718
10024
87178
135228
9403
339287
51099
7267
51585
9364
55293
26750
57515
23262
3081
51719
152006
1176
222484
23568
84457
25972
8555
23491
22930
5315
56902
28962
4646
7105
9522
1520
659
5049
120534
7357
214
2258
221037
23032
57532
262
6787
10075
80777
4548
54431
54764
8895
6117
4678
5174
23167
57470
9908
4853
4297
55114
26275
10210
23071
10912
55827
51227
85365
1431
58490
90390
8870
23516
57448
635
9813
3156
57609
79572
6399
4547
79876
25778
26225
147184
57649
6310
2976
54093
9793
367
57092
100505894
1831
51091
8801
54583
25897
10972
394
54629
23019
546
6711
4154
6271
55288
497661
7871
9943
4076
10575
858
80267
25976
8087
10597
23196
58526
1827
56270
79892
55745
2339
6993
54989
10051
56951
3065
9557
7915
29028
7411
10567
1807
10592
1803
9410
91754
1163
5009
2517
400916
339535
205
6595
222236
10614
96459
9334
444
23607
158293
6304
133383
83858
50999
55159
10274
150472
25980
55660
64225
65986
3858
57019
80195
55696
7102
55920
64795
130507
9553
168451
80213
2114
81929
5797
51373
140890
55907
1968
5007
203859
6103
64395
6259
80204
55776
647087
56897
55638
9604
4212
1051
23405
5563
8548
10890
55167
55352
5343
81488
27101
80219
2483
64393
1955
10984
93081
6645
9076
8683
142940
1659
440944
28996
84896
140707
6322
84787
26985
3837
7072
64426
9043
286410
56922
9637
9191
6429
5828
23731
5930
339487
548645
151011
63971
201562
7813
10050
554203
7014
11266
140735
7779
5636
9419
5256
10808
25938
259230
26173
55003
51535
10157
51366
55914
55437
80143
4437
149175
9397
153222
4144
23608
23063
89122
23325
128338
5257
51322
10539
5494
5291
2874
84154
79799
280
54904
51510
84274
4489
4841
58486
51377
23365
6832
9857
10694
51125
10483
51100
10477
3655
26503
25923
84888
6426
27086
3115
5515
23331
7587
27316
4524
10768
2589
105378853
91319
8243
28970
51105
10413
27252
26084
1842
10735
10257
51330
379
8099
6838
9520
55069
8239
92912
28982
114991
728661
3843
1207
51128
51747
51714
57763
90416
3572
51441
23597
29953
6427
7919
246184
2631
51000
51164
988
19
8546
283991
51434
5973
80335
79269
55177
89970
754
1975
9060
10957
50486
80124
282991
6643
57504
8411
55075
483
5529
22909
254251
57606
64397
6629
9861
8518
7525
85465
84656
116068
8634
51228
100507436
905
113174
5445
1615
23347
51602
440145
134430
80150
57001
55204
5537
27332
79180
2803
6788
51594
6542
29929
3987
7175
51382
7025
647979
3927
54455
6520
80223
196528
26039
51449
29117
3659
10914
440026
58487
114883
286148
10336
223
51646
23588
79183
261726
10478
10447
5218
79022
4677
51582
9581
29841
5611
22809
55006
55672
91057
55327
7528
5906
284996
171586
64326
3176
3895
22836
56984
9414
27125
1487
4478
7485
9919
134526
2086
11342
5337
27102
23077
54877
55329
9555
307
26959
23192
84078
6400
55088
51103
58493
6675
10137
203547
23185
58508
10436
23111
3423
11260
30011
7334
4074
5511
2632
7428
8467
4087
9388
7082
51119
5706
9815
1409
50484
11120
10776
2195
84912
9126
54891
84440
308
25782
10730
65059
1824
8805
4601
3172
4155
57708
125228
255520
8766
23435
5781
6884
729852
23126
3275
56929
10982
3149
8848
23141
9330
8428
23582
6717
84267
10246
54505
10082
56252
8349
79666
79868
5110
100505876
8460
9747
7257
55353
8650
10138
5576
90102
345757
55144
283989
8899
3836
10049
9891
54931
2058
54541
124491
8573
90378
1540
134510
490
80000
114926
54708
23461
149371
64376
4999
10406
22984
51752
60488
54504
9748
4820
5936
51274
10040
8125
8470
5899
9690
2909
152189
23321
25805
4121
55311
54996
80135
84164
9354
9530
9516
23256
11222
643155
1182
79602
23291
9194
8731
23199
728568
259282
25852
1605
7855
79813
5917
9765
10884
10845
2585
2494
463
257397
23248
6926
1027
3608
4594
23451
23576
8476
1454
2222
6612
11044
3087
23304
101927809
23314
2186
155435
7468
23499
1965
10150
204851
10286
23013
51136
5604
65244
79573
2959
8540
4040
90488
284058
54386
1047
9648
11200
23107
10397
51652
64145
51218
10605
6309
10240
10175
2822
27072
55573
8405
79960
8607
340481
133
100506233
23047
81533
2745
9371
55276
54856
23137
3077
65108
6566
22864
11015
51020
100506365
9777
1069
9710
57498
4703
170954
163859
143570
79142
23064
4783
56898
221830
55605
55342
66008
5431
2618
83641
3295
23169
131566
3376
221960
22872
9411
57679
29766
1124
2037
6392
83666
8910
65264
89797
1130
51002
643911
6786
353088
55319
51501
27068
63951
55334
10491
26036
54926
4781
5557
5873
494115
93487
25843
54969
23648
81614
8543
9818
138151
64645
64224
23450
10060
3005
51552
285440
253512
2539
2165
8454
8086
55023
23174
10018
148534
55074
23271
7398
5618
8028
5610
148362
93643
1956
83932
29789
9792
64422
5281
51315
1339
25957
9933
54951
11011
4800
202018
10818
5498
5451
11199
646962
54625
50640
51185
1105
7037
90196
7726
23023
64766
94134
11329
7274
9166
9778
8674
116519
3308
2710
4976
101927765
58527
10564
4659
56650
10556
55100
120227
55500
23160
4552
445571
2957
64839
100289635
100133205
54906
55571
55197
4796
23433
60681
51430
9338
79752
10171
23636
54898
54874
10207
58478
4089
824
10921
6949
79038
79031
9774
10915
25896
8565
11186
29116
100505616
3958
84327
23048
112936
126382
10492
79053
23593
9653
55676
55527
23473
55230
389677
7572
84259
80208
3682
8864
9615
6299
9946
148423
153396
3672
57466
5430
4802
1203
79677
5663
55604
3625
6341
10569
4176
6397
2272
27067
6198
23392
132
90736
9775
55608
81556
8242
51030
713
10152
10924
57669
51655
8826
55591
253143
3983
9577
55285
143384
26127
79144
5586
5927
6093
22862
80381
81494
123803
54953
3113
8408
79054
6732
11147
6451
55553
65080
1822
55322
79657
26058
1743
4591
100506161
1434
7750
11102
23332
168850
987
9749
55198
116254
4234
117584
51321
92675
9960
84146
1491
26277
26054
55193
116832
23028
57590
26130
2888
10644
93436
84916
734
3267
10160
9791
23076
196074
3364
23401
9950
91461
5570
6464
285613
79621
114804
8877
115294
8575
11101
2235
65110
8446
5272
8942
84196
26994
55958
79177
4671
51340
23054
126823
55182
5631
2059
5782
55863
84886
165324
23041
54894
118472
79581
9223
55251
2181
5664
8481
25764
6649
54868
10681
55187
55236
51605
57584
9262
80323
23518
51426
134429
5279
79837
7073
283460
9054
5507
144193
23543
23131
7164
51318
10580
10099
663
25901
64761
80853
653519
23536
29988
4928
80255
64756
56288
56204
85379
2166
5296
79664
8930
1739
11193
5813
9885
8884
84520
283373
113419
388403
50618
5832
55532
9702
10486
5519
83737
3251
65250
284018
387103
55785
347918
114876
121457
79582
149420
158158
143884
80146
27233
55585
55683
5578
10981
55206
1120
57404
201266
10311
4133
3123
5774
1613
9962
201163
9903
6118
92399
65109
51686
9827
55244
5187
55520
56945
9367
64429
56944
5793
2844
4512
567
5996
4514
2512
8490
1571
972
3429
9506
259
11082
9021
59
1345
5757
1776
2791
203068
51156
10252
10974
6876
3315
7852
60
7169
3107
10268
84914
3488
4283
5552
301
1070
3553
2280
3399
83483
128346
10398
6275
1043
8404
79005
55209
10574
570
3242
6678
5698
5329
29926
409
56901
51562
714
93185
7940
94274
6505
5054
9976
55905
51691
7431
1544
3512
29950
710
638
1352
1633
57610
84285
3119
65018
3337
9267
3945
3133
64651
2634
3336
64231
130013
8334
5340
3069
3397
102724316
4256
10994
10998
388753
4609
2762
79415
8436
7186
6167
763
84215
3588
27429
5978
23633
3117
4849
2648
6878
9693
54463
11269
54535
10956
55246
1854
10535
55646
57703
23059
9274
65263
54584
9086
30851
84376
51018
8624
5446
3490
6777
79921
5771
440275
10939
64327
8991
3697
83442
8772
712
5188
1466
7675
2873
81631
1559
199
10766
7316
84273
100507588
80325
6484
9093
1457
8560
10449
124044
3875
81876
1880
3396
9590
51024
2023
60528
6575
3127
10826
10905
9351
4192
51006
3856
7126
3158
8260
29087
494514
3053
147710
79833
8754
6120
79446
11052
85007
101928527
831
9673
339231
79622
2582
9445
64834
6294
90362
79701
1656
153562
81572
79692
27018
8542
22845
252839
2778
127829
284001
211
79171
9238
11068
283232
153443
162515
26047
10056
4034
54576
54977
112869
3775
6282
9124
9663
200734
56931
10577
29015
57820
27044
5696
116064
8992
116841
94239
10791
5447
3290
11142
2534
56949
1593
93611
80262
157
8725
133619
11275
3189
51122
22848
9050
4143
92292
81669
29882
5442
50854
79676
347735
8780
11261
10723
51537
1877
4061
871
84418
7265
8266
26502
92259
23210
8736
163
79791
10469
9130
2950
9535
8241
37
163590
56731
6632
11321
55014
8553
7280
23580
26135
5034
6817
57117
57149
210
64428
2538
6891
64080
7324
1997
10202
3434
79102
155066
9443
8519
9550
10864
27000
134147
83605
55813
369
10073
79568
80273
57509
51478
105377586
55178
6095
401262
5947
55222
63877
132299
54840
23647
5708
51001
80224
6390
10670
93129
9270
4700
7805
114882
23326
9189
89891
57222
23350
224
5901
26515
10945
114049
65010
731
54867
3795
2580
10587
28988
2597
84818
3183
55937
80349
125488
100652853
9844
64093
3268
203069
4287
171391
83597
9921
51710
5437
3171
8872
3611
55973
5536
51362
54998
100506713
2642
25870
285550
6888
8892
7536
5870
549
80235
84945
80004
6637
11252
7372
7317
383
55766
9158
23741
10162
125476
4929
50813
57176
6709
222194
79085
7965
79101
808
23673
166815
1777
10728
79644
10667
51729
4485
23212
9209
3712
8568
94097
10450
6625
64284
6780
1376
134492
55258
256586
51324
10581
80152
1535
400506
146542
7389
108903150
51057
116224
4723
55819
7791
5300
1579
9146
715
11007
29099
85480
56681
5345
27436
8508
51428
966
23412
54875
55904
26003
94121
25917
253039
51703
6482
58533
29091
220323
55020
30844
60559
2590
686
1819
25828
4927
5709
1244
2941
35
11162
105375166
6430
11020
11165
678655
9874
60370
55325
51606
100506581
57132
51399
6988
2309
219771
9277
10102
345275
23645
39
3155
116285
65258
6499
23133
65220
9429
26589
140828
56605
1992
11135
2161
975
4149
8764
5283
124944
283377
7172
55145
83758
5108
5010
391
203054
56342
2035
118487
80279
57017
50626
54658
79137
1479
22980
5269
4835
2224
2193
10963
6506
64776
252995
64969
54929
4793
8379
3257
57691
79017
84275
5469
23560
10550
379025
51282
55967
6811
11112
54959
3145
79784
2584
54964
7170
3764
255043
8644
11066
145853
79886
254295
30834
152100
347734
4037
6605
6002
221710
23261
9541
10095
54886
55196
3949
4147
23132
5889
3073
2548
80305
119559
1468
11267
847
55970
101929243
8443
130916
58191
55095
11137
3422
326625
56913
9810
4898
3700
157680
55238
8934
129807
10327
30
148789
91833
10523
4218
79863
100423062
51188
55854
51110
8570
57326
201255
11179
29780
29079
4814
285381
10463
9246
10576
29101
10094
55300
7586
7262
397
5261
28234
283927
7529
4702
23677
6432
10155
10559
26121
89941
64965
57062
10109
1678
23352
83938
2053
441307
100996485
23184
3557
27131
23557
644246
8636
2230
2542
84939
112752
2720
5058
3083
10969
400569
84319
143941
4059
22938
122509
4779
1452
55847
401081
79165
1725
10841
2805
337867
3454
51634
55082
80221
9788
441951
8341
10528
60485
4938
10949
55640
51367
10105
65117
51085
2998
5432
150684
403
26998
4507
5192
902
55526
100128893
105374366
64223
26240
56886
10423
55739
143879
977
5243
57228
255167
28512
221491
100507463
7327
10618
3479
3693
3159
133308
91289
170506
54948
26270
200916
10840
11018
52
55049
729
51621
161
5033
353322
10206
90507
54438
112495
51499
10139
5095
8407
5162
5723
7163
51184
4055
2029
6892
11171
5476
26017
8802
79087
3665
3163
80321
126133
3570
204
11311
57109
55122
163882
80308
84181
23632
317749
2553
9373
5910
2287
199857
8574
25839
9295
5495
113655
26007
54985
57213
89866
3017
8694
51524
92960
10573
1573
51027
8692
537
10600
29115
8347
83989
8402
51117
10720
55486
1616
10299
10616
8743
54780
127018
286257
54788
51503
405
3483
6627
84269
51070
3385
100505854
283237
84549
8727
22803
4245
10062
79962
26284
84901
6388
53343
115098
3990
55699
51742
10950
375757
389203
5954
9114
5524
124801
29946
10979
113201
85865
26164
285266
101928158
90441
6296
2101
2892
58472
1523
84317
79036
91304
60672
493753
54936
23654
2288
8613
50809
23203
55900
26608
64431
7378
55647
285343
2034
8165
728190
51465
1649
56647
84993
9533
9197
84693
140465
57038
2629
29960
84246
23008
7430
100505738
203228
84991
10093
10153
92609
57410
401505
3728
56900
55374
10452
11097
1314
3960
83590
10017
669
2674
51131
2355
55860
55281
283899
100306951
4641
309
94081
55508
84705
79726
728294
185
5089
2633
388962
3481
64782
79048
112950
142
6936
51249
64114
51635
55752
4719
64744
55146
64743
1021
131616
54978
5252
7094
85013
9111
51388
220972
95
10302
29922
51071
7347
134549
54987
27141
63915
147965
100874043
8987
5920
8019
9897
90326
653583
79576
1861
10166
8237
5719
7512
9131
6199
9563
51337
1453
6051
5648
646023
9618
9958
55744
2872
27351
10179
208
8883
55741
80129
23476
127733
100506930
5641
10382
140576
55290
3814
4831
9453
150094
2783
26269
84298
27030
84153
23481
80227
128061
29889
10090
51663
84967
4752
10557
29928
90871
84294
8562
441027
60496
836
85313
54884
5894
2014
54623
9526
9321
9546
56267
51538
29894
58190
55422
84335
78992
23759
3182
60492
84277
5980
51466
83719
6653
1662
23279
6950
79016
5654
10307
23385
64792
3840
374969
54439
10121
2885
54930
51108
26973
60682
80306
55658
23318
84304
90407
57407
9361
80314
8876
11100
9136
28511
90580
22
57085
7690
55333
5538
91574
54949
1778
8529
7069
6059
4628
5937
114899
10695
9531
968
6687
11017
3516
1610
996
197257
8841
84950
336
213
3310
6286
5967
6210
7033
4316
3939
7031
5284
762
51181
123872
100131726
6175
1549
2878
3959
226
727897
100505633
1364
56892
2877
8431
64073
3485
147727
6580
2981
348158
1906
218
116441
123283
100874091
5444
11098
22894
123264
4982
5646
8638
112399
55601
10551
123876
735
6623
441108
25816
9965
56942
1942
6415
100506211
3433
4094
665
2159
56667
79072
2730
688
126353
4199
440335
55012
101929427
6822
780851
476
9068
7832
79838
10103
6642
9314
117145
51527
1543
1153
83658
28981
26355
55808
1548
3601
1015
8612
51280
4072
25949
55217
64130
100505989
30836
7064
162073
312
84102
135112
54979
127
493861
84152
6455
152831
664
340277
79026
833
3174
388272
56986
79596
329
7171
6564
158219
23483
116228
27295
57150
1716
27042
3150
8740
255758
27244
151188
1152
92482
5768
400410
1555
196410
58516
5794
340024
2810
8614
3026
203
51447
6284
101929693
5366
51013
283316
91860
1122
80344
51144
552889
5229
57211
59338
6917
120224
5125
5621
128553
1326
29967
1192
26156
8502
401207
23151
1967
79155
8462
3561
101927851
1193
3487
55667
2936
6935
10903
708
9616
55139
53635
9110
2188
1806
7507
22998
81037
79096
10561
3613
1040
7769
54793
965
163183
7345
9249
1676
64149
120103
80346
55326
55192
5597
162461
2947
8751
2627
8662
54491
57181
25948
9497
11160
54765
79169
54819
51029
283229
100127888
11198
27283
9123
80005
79780
4323
7498
3899
55768
4509
5244
8227
81875
8837
8996
9482
3093
55179
9910
51637
2782
23468
10144
84081
4582
9564
55630
28960
80781
340252
1318
90806
257407
51805
6601
9071
5292
7913
6301
6498
5348
7332
126295
23061
10572
158358
50862
8050
56172
93183
9255
51575
6920
80149
282679
166
760
154807
114789
221092
9049
79672
257218
80700
4907
26511
26224
7264
131474
220441
3628
196
5048
101410538
116150
4436
390
51642
9317
54997
387775
8559
84062
54816
4676
83752
7174
55755
11325
203111
84973
50
10668
2635
6738
57602
23584
56262
8661
7376
79639
135152
91746
5692
79083
22823
8896
1604
64061
64963
90007
123355
8459
114769
221908
7402
8804
10289
2194
51114
23558
23231
54749
4775
9659
84288
10983
51043
10678
29803
79577
54471
7704
6830
1730
79848
11214
8974
55529
55632
25939
8615
26022
4128
65123
55249
10456
134218
6730
5699
51076
1052
56975
9519
84706
81790
440503
157506
553115
9266
51272
5286
9728
79908
84699
5903
9337
84324
81873
51250
100129250
1644
1155
51386
84263
79789
23554
26019
124512
9527
154043
372
9188
8976
103164619
190
1642
54849
92400
896
84513
9318
7068
83479
51550
8645
9887
5045
2444
5981
819
11215
160518
102724889
9455
27075
949
5025
51657
127687
8880
51312
51090
56243
1368
8682
286451
175
3716
55726
440270
25906
27327
113444
114971
8726
54941
64853
389362
9695
51660
1398
7052
26235
11080
5046
128387
6046
207063
11116
79720
286053
56683
420
57189
100506334
100507316
58517
56888
91703
160897
26061
79084
5715
9525
64324
9761
27013
2875
4035
83877
22907
415116
90809
387263
9718
124220
23517
147645
5934
9129
55701
54800
8875
171023
23012
23253
5909
127253
5533
26092
6883
10365
27250
154214
121512
2965
27315
151636
6049
10608
6814
491
10295
5546
2063
51293
7029
10238
4233
90522
64167
399665
83933
145389
81890
84668
9935
740
84897
57456
56940
1397
3964
55093
23443
7559
23474
1374
63941
7371
54915
8625
51147
2081
27111
63899
26984
5119
100132891
25983
55239
100303755
11264
26298
57587
4153
90459
1979
79872
51179
7013
8675
23548
84340
84864
4204
401546
85403
285237
1729
65260
90355
316
414926
64771
402
9474
150274
9440
2055
6598
8985
7518
116540
9724
3965
11332
125150
79746
51547
100462977
1353
8647
29994
84065
4205
144402
57095
84334
10163
6513
222658
25940
728642
23376
738
23587
10948
51808
7707
1785
51283
55250
54665
83549
4528
6810
113791
5154
154007
140462
10611
60626
7978
4953
28969
130502
25979
164656
5914
128977
55898
27106
8720
284111
22926
9341
2962
81888
57186
51451
51768
22820
123207
32
29072
22992
100499177
26151
23595
8856
54851
8767
25845
10025
100507602
22933
101929639
84524
84726
5605
9646
55120
6944
9686
445328
55748
3035
57698
60314
55324
2664
79089
284695
55017
54810
112812
6242
79143
173
7205
92421
139341
51534
5609
26128
1486
10205
79078
6494
9725
5905
9882
129787
414328
3818
57461
5831
80018
98
84803
10180
3131
65980
84067
55103
6903
23242
57583
55773
8795
85451
92799
85236
573
23514
5504
9420
5965
6192
154
80298
107282092
55795
100507389
22877
56950
84545
112849
6778
89894
7508
23102
65983
79188
57645
837
64240
360
10329
112398
135114
7328
151194
726
10767
5792
83548
54107
57122
8803
27247
84955
80820
84909
23527
10106
10490
6576
1845
10262
51106
118924
472
6091
81887
10525
5725
5339
152217
81555
51728
60491
22858
22885
6097
10634
26009
132949
6237
9733
2966
284131
23265
8677
400073
741
9701
84105
341
6206
6232
6202
2495
3486
7178
6138
3320
6207
55796
6535
57127
124936
139728
3181
402778
10410
2564
54881
4051
5163
83642
9584
2065
7756
3698
1476
3326
6160
1280
51380
727957
23524
85301
54540
55818
116985
163049
27107
84460
79871
57507
55350
2521
1018
100101467
9044
92714
130271
51171
81844
8106
10142
9905
51733
79667
9738
174
1759
92344
6819
11129
23053
23162
138948
2130
84869
8034
1608
55769
80336
57585
26098
64787
84859
51351
286205
64599
55728
23215
253769
26249
729359
55689
134637
79680
622
6748
2146
1852
55657
8863
51665
22943
80014
91828
5687
55112
57147
4862
57035
9970
6529
202020
90799
1075
55738
84874
23367
104355426
57337
55829
58510
23353
197335
4925
55599
159090
23371
57536
84501
116983
63901
285989
3590
9104
64283
2160
55294
80243
2261
727956
23060
27352
8859
8874
51112
29104
53615
339500
51307
222256
1185
100129917
197131
9814
255967
55356
100302692
3300
27037
8563
10553
9139
81532
6774
4123
129563
353274
9159
25904
29781
1857
401024
60558
55971
84255
127602
1106
10806
147968
100996732
11284
6334
5140
8189
84851
348995
65979
79829
145282
55286
6452
10011
387338
10013
10973
29990
84131
9415
9909
54495
22796
9855
55174
253959
7629
57724
219402
6773
23142
85460
22850
4660
192669
3425
22897
3104
55684
3312
9481
150962
5364
9462
285527
27343
79809
11188
130872
55670
55627
9924
57396
387601
23523
200010
545
138241
4193
6764
8609
54776
9534
128637
6311
1327
1503
10059
9879
63891
55902
57620
5590
54751
25837
2987
2153
92105
26751
9204
65981
65065
10010
9987
100132247
670
23269
221264
642517
117583
115701
84060
6667
1054
10725
8558
79027
339260
84918
254065
23492
23390
7552
131870
54799
23015
57677
22985
23312
84893
58155
2135
142678
56948
23403
51759
4054
23379
7627
55814
50717
1762
79066
51279
9138
26088
2192
54893
23383
147007
57798
388564
80339
64859
22955
79632
10285
8886
146057
1859
7593
23135
54872
388341
118980
79364
53918
8663
84173
7841
80055
643401
285971
90737
85440
64783
114299
143279
51149
2171
5496
57162
10188
80862
2131
29945
7410
92715
54757
375449
1838
55704
11180
9263
604
1657
9644
338657
9467
25941
8202
5883
22852
84809
85014
10691
54482
1408
63908
126626
10807
29944
64288
23336
51760
4952
26097
55833
5090
84614
955
26057
115548
28985
22828
56261
126298
55671
55154
161882
10379
22841
26268
9382
9860
8761
91949
818
54462
25851
51005
56946
51422
1595
5514
8440
58515
57761
285282
8394
22916
2804
51720
8507
51317
80011
28976
7145
54882
5465
6633
6015
23277
57209
22880
23550
116113
26012
84364
9929
1385
116092
3609
3720
55344
9169
79442
1196
2747
66002
4597
5178
200424
253714
9980
10277
328
6581
1773
7644
163131
27443
116988
5310
54973
1562
221496
4799
1890
29911
6293
9344
22903
51268
55668
79830
84952
23358
54458
22887
11234
6907
65084
93986
5289
94104
10847
23743
10892
55432
55379
23334
80709
114825
129285
55035
23761
1783
10057
7403
1184
51072
5130
64745
401337
10001
1388
26043
1537
9743
10260
835
23345
368
9213
51654
221458
57560
51398
9807
26123
54963
101752400
23732
51619
374354
124401
55798
55096
9757
144108
200933
100113407
9847
7916
84231
401014
10199
63939
51205
4036
55628
9658
55729
3993
9439
57506
2767
131669
4097
55132
55131
389524
26263
219899
3931
55578
9665
340371
9739
7702
25759
90268
8890
23355
8225
285958
90933
81576
154790
22906
10444
9988
283450
7090
23583
9772
57680
23070
25836
64434
389084
51175
23398
84883
85456
84128
23515
22847
54834
10466
57118
55534
84922
23155
55149
1647
80895
55636
5346
4968
80198
54497
26122
4798
343450
23140
5929
9821
163259
10312
6927
23387
55125
129303
8714
26523
841
63979
285638
254225
51333
4343
4534
30815
55255
22879
6018
8891
80155
3652
8924
84445
91748
91603
55299
162417
10402
55257
6512
9759
9205
494470
55968
23786
64718
9989
84243
54870
387921
80318
2262
10014
25864
56919
83734
92
9654
5786
92305
55127
7392
5554
81926
23181
92017
9572
79587
9894
55718
55727
23234
6257
63892
54103
402055
2800
126119
11273
129401
57787
745
1465
7106
49855
9722
55577
7277
55593
57658
64708
55687
6453
51586
55644
7551
54663
55631
23780
55168
8904
27
119391
57553
201799
79058
29082
113263
54558
9612
55607
9873
6919
100130111
54879
100506302
8760
1635
9984
8525
57107
9683
158471
5096
4638
23219
57492
3661
55666
5223
83637
3835
51341
1387
64981
57406
55269
7335
143
4221
55108
7581
10495
29958
85363
53944
80331
9416
22838
2140
8871
5826
55084
6722
23411
25970
10919
84132
3064
9682
23464
8496
26037
7678
54887
125058
389792
23224
9585
79736
55102
286256
26872
11194
148413
10208
57728
83640
55735
100505678
9217
90673
79724
54910
283600
57088
100131067
51460
55094
4758
57185
27031
3241
9092
202243
54520
10133
64318
338799
4281
90410
84262
4253
11338
5984
55421
78987
26229
9923
51765
6874
22990
381
10902
347862
1384
3704
9580
55572
6901
120526
29763
9826
389023
133688
140688
5362
9575
2734
79947
10113
169792
8030
26063
29066
22874
5298
26133
10749
7390
84881
90639
23252
80347
54529
5394
64921
342918
55691
7159
54476
23119
56655
2011
9491
200845
2876
7027
22941
400960
83667
139065
8818
122553
55005
55954
10147
6945
10922
158427
24149
27338
6469
79064
207
81609
8975
60487
64077
23562
6671
129531
25921
4140
84148
4857
51230
151050
1019
117143
84838
2802
92703
85395
594
84336
2073
84193
9949
64419
60412
91133
7375
9014
10404
9570
7799
81545
51011
54432
4773
5168
84268
5926
101928062
6996
93
57455
5585
56254
1786
143187
80230
152503
54680
10084
9667
24144
7905
3654
51244
85358
6626
5982
79081
23307
100128098
3476
5775
260425
84447
9712
57221
23207
29881
10254
25875
10055
9113
23339
254427
7542
80254
51701
23062
392617
493
9100
9675
55224
440498
215
57157
373
54927
8945
200186
51124
10558
8635
63893
54952
113246
23378
80222
55787
57819
5027
1876
889
375748
7918
5313
8566
55362
202781
56893
81932
5018
10123
8338
84798
55588
6472
27043
271
2290
64852
4598
200014
128240
91355
4209
79603
3096
6666
2932
51154
101928565
23344
51026
23097
5987
129450
8897
26528
57704
90861
10283
54981
27324
11344
64682
29078
80025
219333
5872
24146
